118
121
119
87
106
123
120
112
120
107
135
98
130
94
117
134
123
103
104
108
113
88
121
109
115
89
126
130
120
110
126
143
89
101
99
94
87
127
116
106
106
127
122
104
110
131
93
99
113
107
96
88
93
82
128
95
99
86
69
75
82
96
101
182
115
130
107
96
112
110
106
99
114
99
124
110
114
130
95
109
121
107
103
108
96
122
103
86
113
138
91
74
119
98
93
163
121
118
105
105
156
118
125
141
112
96
224
124
109
115
119
95
122
90
128
137
104
115
93
122
111
136
140
116
114
128
110
113
119
122
136
93
82
104
150
130
82
116
112
97
109
119
149
124
92
110
120
122
86
114
111
77
77
96
98
79
74
86
78
107
82
108
85
117
134
104
89
104
87
103
94
100
112
104
102
75
84
87
94
78
98
97
103
98
99
76
91
89
130
100
100
113
106
90
133
110
92
108
121
128