837
947
1127
788
834
1081
972
867
935
805
1222
756
906
781
880
1010
929
811
855
760
1007
725
817
848
785
499
835
793
810
730
989
1079
541
657
652
575
564
862
768
732
748
817
819
697
624
1092
617
678
792
764
649
780
777
594
977
777
711
771
515
646
694
782
904
989
868
988
883
785
904
845
677
708
982
673
928
736
749
929
579
630
780
662
691
621
566
773
640
546
844
978
539
434
795
586
540
893
828
630
717
631
1277
823
1042
1075
923
823
1091
958
802
752
928
707
928
696
972
1170
731
862
713
894
770
979
1001
818
775
1023
830
805
882
823
847
615
521
661
949
948
498
754
753
627
756
698
1009
803
636
765
768
911
544
843
684
537
532
746
747
540
634
676
628
845
641
921
627
837
696
692
789
747
804
759
661
805
859
854
796
556
645
594
714
605
668
669
757
696
670
505
721
634
1002
655
680
819
697
572
934
683
714
725
693
966