381
427
419
311
352
385
395
358
390
345
451
320
412
307
388
398
372
341
340
351
356
274
407
371
370
253
419
389
383
326
409
517
290
330
300
288
300
418
401
363
347
410
382
328
336
441
327
346
399
368
250
271
263
254
400
303
250
273
215
248
249
313
311
445
340
384
345
249
410
319
257
252
338
252
355
284
301
341
248
288
326
314
290
272
264
317
296
240
347
399
262
237
344
305
258
423
333
275
298
326
445
310
400
423
335
291
478
372
366
330
365
315
405
286
386
389
337
361
280
368
305
412
415
337
350
392
339
347
386
364
333
254
225
292
413
394
217
345
357
279
322
339
404
326
266
296
357
365
240
360
282
222
230
296
279
230
235
299
235
351
252
329
263
302
294
312
301
312
306
279
300
314
356
325
317
258
272
282
285
261
335
287
341
315
289
240
291
287
404
294
309
319
302
288
414
315
295
321
319
426