407
451
457
323
391
417
418
401
408
356
471
326
443
320
403
423
398
371
362
384
383
298
402
384
401
263
436
406
393
345
416
490
298
353
298
322
290
420
383
385
348
407
393
362
316
445
351
341
406
364
297
313
301
302
464
346
310
327
228
251
300
361
343
434
367
465
400
298
409
399
291
340
412
289
406
313
347
399
310
337
364
319
319
299
287
350
319
250
375
459
263
253
379
313
266
501
383
314
321
340
543
353
506
455
422
385
522
465
414
397
449
345
473
330
444
505
363
409
368
461
335
502
494
374
427
465
404
386
429
424
386
319
271
370
472
435
242
402
361
313
361
381
536
378
313
335
410
443
285
388
360
253
271
354
361
288
242
310
265
390
293
372
287
351
342
355
309
359
306
328
309
362
401
364
354
277
300
313
353
329
367
314
397
375
333
262
334
356
521
345
333
407
353
295
437
349
363
380
392
478