3091.32
3256.42
3661.98
2615.95
2894.2
3413.02
3260.04
3091.51
3291.47
2861.68
3750.76
2678.49
3396.1
2595.92
3090.4
3357.6
3216.48
2854.66
2919.4
2907.37
3156.93
2382.21
3241.18
3053.83
3035.58
2078.94
3382.79
3175.73
3023.55
2721.8
3369.38
3976.17
2367.92
2678.42
2472.83
2339.03
2328.72
3301.28
3090.52
2845.25
2819.5
3306.33
3153.47
2728.03
2624.29
3635.81
2599.13
2746.15
3136.11
2990.83
2423.2
2649.27
2587.89
2270.9
3566.09
2762.68
2492.11
2613.72
1981.32
2165.15
2418.42
2857.35
2955.37
3561.5
3079.12
3610.43
3108.77
2526.25
3342.27
3017.91
2410.49
2481.16
3221.74
2412.02
3157.82
2554.96
2800.75
3207.38
2321.05
2540.61
2887.85
2590.02
2646.47
2458.88
2341.34
2833.89
2535.04
2137.89
3090.61
3506.38
2171.7
1884.74
3071.14
2496.17
2191.22
3600.72
3000.18
2517.15
2670.23
2636.13
4325.59
2958.47
3695.46
3717.53
3218.75
2766.19
4103.62
3475.86
3184.05
3061.83
3516.61
2839.31
3560.42
2626.52
3544.52
3865.58
2908.3
3220.22
2686.7
3382.1
2841.16
3740.98
3702.78
3029.85
3150.78
3752.29
3157.58
3108.71
3341.3
3284.9
3106.42
2377.28
2078.04
2727.61
3566.9
3442.92
1984.08
3063.77
2907.03
2485.79
2850.98
2881.34
3843.57
2987.7
2424.84
2703.85
3054.72
3376.81
2214.49
3122.07
2453.87
2041.99
2048.66
2673.77
2588.2
2165.3
2092.67
2490.34
2214.74
3072.47
2306.31
3042.84
2305.94
2801.86
2663.39
2721.32
2657.53
2879.61
2597.34
2603.73
2798.63
3128.24
2896.88
2863.25
2100.35
2119.82
2455.71
2459.15
2680.5
2387.44
2676.15
2577.97
2987.08
2870.62
2602.87
2115.77
2635.97
2559.73
3755.13
2649.18
2658.48
3046.42
2753.03
2356.4
3472.04
2741.04
2689.13
2930.36
2870.69
3661.71