5 5 3 5 3 3 5 4 4 6 3 5 5 6 22 20 28 28 80 144 184 224 1 4 4 8 10 9
5 5 3 3 3 3 5 6 3 7 3 7 5 4 22 24 32 28 80 140 180 224 2 4 4 7 10 9
5 5 3 5 5 5 5 7 2 7 2 5 5 4 24 22 32 32 84 140 180 224 3 5 4 4 10 9
3 3 5 5 5 3 5 5 2 4 2 5 4 4 16 20 24 24 84 144 180 200 1 7 5 8 10 9
3 5 3 3 5 3 5 4 2 4 5 4 5 4 16 22 24 40 76 144 188 192 3 4 6 5 8 9
3 5 3 5 3 3 3 6 3 5 2 5 5 4 24 24 28 36 84 140 180 196 4 4 6 6 9 9
5 5 3 3 5 5 3 4 4 6 2 6 5 4 18 22 20 24 72 144 188 216 3 6 4 7 9 9
5 5 3 3 5 3 5 4 2 5 3 7 5 5 22 16 24 32 84 140 188 204 4 4 6 7 9 9
5 5 5 3 3 3 3 7 3 6 4 6 5 4 24 22 32 28 80 144 188 204 2 4 4 8 9 9
5 5 3 5 3 5 5 6 2 6 3 4 4 4 18 18 20 28 80 144 188 220 4 6 6 8 8 9
5 5 5 5 5 5 3 6 5 5 3 6 5 6 16 22 20 24 68 144 184 220 2 4 7 8 10 9
5 5 3 5 3 5 3 6 4 7 3 5 4 4 16 16 24 32 76 144 180 204 1 4 6 7 10 9
3 3 5 3 5 3 5 6 3 7 2 7 5 6 18 20 24 28 64 144 184 188 3 5 5 8 10 9
3 3 3 3 5 3 3 6 2 4 2 7 5 4 18 24 20 28 76 140 192 184 1 4 6 6 8 9
3 5 3 3 5 5 5 6 2 6 2 5 5 5 16 22 32 28 60 140 180 192 3 4 7 8 8 9
3 3 3 5 5 5 3 6 2 5 4 5 5 6 24 20 24 28 76 144 184 180 4 4 5 6 9 9
5 3 5 3 5 3 3 6 2 4 4 4 5 5 18 24 24 36 72 144 180 188 3 6 6 6 7 9
3 3 5 3 5 3 3 5 2 7 5 7 4 4 18 20 24 40 56 144 180 212 4 4 5 8 8 8
3 5 5 5 5 3 3 4 4 5 2 5 4 4 16 16 20 36 72 144 184 184 3 6 5 8 10 9
5 3 3 5 5 5 3 4 4 7 3 5 5 4 24 16 28 48 72 144 180 188 1 4 4 7 9 9
5 5 3 3 5 5 5 6 5 4 4 4 5 4 20 16 24 32 68 144 180 208 1 5 4 8 8 9
3 3 5 5 5 3 5 4 2 4 2 5 4 4 22 16 20 24 76 136 192 188 1 5 4 8 10 9
3 3 5 3 3 5 5 7 4 4 4 5 5 4 22 22 28 32 76 144 180 180 3 5 4 7 8 9
5 3 5 3 5 5 5 6 3 5 5 5 5 4 16 16 28 32 60 136 180 192 3 4 4 6 10 9
3 5 3 3 5 5 3 6 3 4 5 6 4 4 18 16 28 40 84 144 188 212 4 4 4 6 10 9
5 3 3 3 3 3 3 5 2 4 2 7 3 4 22 22 28 24 60 144 180 208 1 4 4 5 10 9
3 3 3 3 3 5 3 6 4 6 3 4 5 6 22 24 24 24 84 144 184 224 1 7 5 8 9 9
3 3 5 3 5 3 3 7 2 4 2 6 5 4 22 18 32 24 68 136 184 188 4 6 5 8 10 9
5 3 5 5 5 5 3 7 2 5 3 4 5 4 22 20 24 32 76 132 180 216 2 6 4 5 10 9
5 5 5 3 5 5 3 5 2 7 3 7 5 5 16 18 20 40 76 144 180 196 2 4 7 6 6 9
5 5 5 5 5 5 5 7 4 7 2 4 4 4 20 24 32 36 80 144 184 216 3 4 4 8 6 9
5 5 5 5 5 3 5 7 3 4 2 7 5 6 16 20 32 48 84 140 184 212 4 4 6 7 10 9
3 3 5 3 3 5 3 6 3 4 3 5 4 4 24 18 20 28 84 140 180 220 3 4 5 5 7 9
3 3 3 5 3 5 5 4 3 4 3 4 5 4 16 24 20 36 76 136 184 208 4 6 4 6 7 9
3 3 5 5 3 3 5 6 3 7 2 6 5 4 20 16 20 32 76 132 180 212 1 5 6 8 8 9
5 3 3 3 3 3 5 5 2 6 3 5 3 4 24 22 20 36 72 136 184 188 2 4 5 8 10 9
5 3 5 3 3 3 5 6 2 5 5 5 4 4 24 20 28 28 68 140 180 188 1 4 6 7 7 9
5 5 3 5 5 3 5 6 2 6 3 6 5 4 24 22 28 40 80 144 200 204 2 4 6 4 10 9
5 3 5 3 3 5 5 4 2 4 5 5 5 4 18 18 28 36 80 144 184 188 4 7 5 7 8 9
3 3 3 3 5 5 5 5 3 6 3 4 5 4 16 24 28 24 72 140 196 196 1 5 5 6 9 9
3 3 3 3 5 3 3 6 2 7 5 6 4 4 24 24 20 32 64 144 196 220 2 5 5 7 9 9
5 3 3 3 5 3 5 5 4 5 5 6 5 4 22 22 20 32 76 144 188 208 3 6 7 6 8 9
5 3 5 5 5 3 5 7 2 6 2 6 5 5 20 24 24 44 84 140 188 224 2 6 5 6 7 9
3 5 5 3 5 3 3 5 2 5 3 5 5 4 20 18 20 24 80 124 180 216 4 5 6 6 9 9
3 3 3 5 3 3 3 6 2 5 3 7 4 4 20 22 20 32 84 140 192 216 2 5 7 5 10 9
3 5 5 5 5 3 5 6 3 7 2 5 5 4 16 24 28 28 84 136 180 180 1 7 6 7 10 9
3 3 3 3 5 3 3 5 2 6 5 4 4 4 20 22 24 28 80 140 184 196 4 4 7 6 6 9
3 5 3 5 3 5 3 6 2 5 2 6 4 4 18 24 28 36 84 144 184 208 3 4 6 7 7 8
5 3 3 5 5 3 5 7 2 6 4 5 5 4 22 18 32 28 84 144 204 188 2 4 7 7 8 9
3 5 3 3 3 5 5 6 4 7 2 7 5 4 18 20 20 48 56 144 180 216 1 6 5 8 9 9
5 3 5 5 5 3 5 6 5 7 5 4 2 4 20 22 28 28 80 144 212 184 1 4 7 5 6 6
3 5 3 5 5 3 3 5 3 7 5 4 3 6 16 18 28 32 60 140 192 180 1 6 5 4 8 8
5 3 5 3 3 3 5 4 5 4 2 6 2 7 24 18 24 44 56 144 220 188 2 5 5 6 9 7
5 3 3 3 5 3 3 5 3 4 4 6 3 4 24 22 28 32 72 140 224 184 1 5 5 7 9 5
3 3 5 5 3 3 3 4 5 4 5 5 5 5 24 20 32 28 76 144 220 200 3 6 7 6 8 8
3 5 3 5 5 5 3 4 5 5 5 5 2 7 24 16 32 36 56 144 208 184 4 4 5 6 7 5
3 5 5 3 3 3 3 6 2 6 2 6 2 6 24 24 28 36 68 140 212 192 1 5 6 6 6 9
3 3 3 5 3 5 5 4 4 5 3 6 2 5 22 22 28 40 56 144 220 192 4 5 4 4 6 7
3 3 3 5 3 3 3 7 2 4 3 4 2 6 16 22 32 28 68 140 184 180 1 4 7 5 8 5
3 3 5 5 3 5 5 5 2 6 5 5 3 7 16 22 20 36 64 144 208 196 1 4 4 4 6 6
3 5 5 5 5 5 3 4 5 7 5 7 3 4 22 18 20 24 76 136 220 180 2 5 4 5 7 6
3 5 5 3 3 3 3 6 4 4 4 7 3 5 22 22 24 40 60 144 192 188 3 7 4 6 7 5
5 3 3 5 3 3 5 7 3 7 5 4 5 7 22 22 28 32 68 140 212 184 1 6 6 4 6 5
5 5 3 3 3 3 3 4 3 4 3 4 5 7 24 22 32 44 60 144 192 184 1 7 6 8 10 9
5 3 3 3 5 5 3 4 4 7 5 4 2 5 24 24 32 24 76 136 200 188 4 5 5 7 9 9
3 3 5 3 3 3 3 5 4 6 3 7 5 7 20 22 32 24 84 140 220 188 2 7 4 7 8 8
3 5 5 5 5 3 3 6 2 4 5 7 5 7 20 22 32 24 68 136 204 188 1 6 6 5 9 5
5 5 5 3 3 3 3 4 4 6 2 6 2 7 16 24 32 32 68 140 204 192 2 4 6 6 7 5
5 5 5 5 3 3 5 4 4 7 4 4 5 5 18 24 24 32 60 140 208 192 3 5 7 8 10 5
3 5 5 5 3 3 3 4 5 4 4 6 4 6 18 20 32 24 80 144 204 196 3 4 4 7 10 5
5 3 5 3 5 3 3 7 4 5 2 6 3 6 16 24 20 36 72 144 192 180 2 5 4 5 7 5
3 5 5 3 3 5 5 4 4 4 3 5 2 6 24 24 20 24 56 140 192 216 3 5 6 4 9 7
3 5 5 5 5 3 3 7 3 5 4 4 5 5 20 20 32 24 68 140 220 180 2 5 6 4 9 5
5 3 3 5 5 3 5 4 3 7 4 5 3 4 22 24 24 36 64 140 212 192 1 5 6 6 9 6
3 5 3 5 5 3 5 7 2 7 3 6 5 5 18 24 32 24 60 140 180 188 4 6 4 4 7 6
5 5 3 5 5 5 3 4 2 4 3 6 5 7 18 20 28 28 64 144 188 192 1 4 6 5 8 5
5 3 5 5 3 3 5 7 5 5 4 7 2 7 24 24 28 28 76 144 184 204 2 5 5 5 9 5
5 5 5 5 3 3 5 5 4 4 5 4 5 6 18 24 24 28 68 128 220 180 2 6 5 5 7 8
5 5 5 3 3 3 3 6 2 4 2 4 3 7 18 20 24 24 68 132 220 180 4 4 5 5 6 5
3 5 5 5 3 5 3 4 2 6 4 7 3 6 16 24 28 32 56 140 212 192 2 5 7 4 9 5
3 5 3 5 3 3 3 4 4 6 5 6 5 6 18 22 32 28 60 132 196 192 2 5 4 4 7 8
5 3 3 3 3 5 3 4 4 4 3 4 5 7 20 18 24 40 56 144 212 188 1 4 5 4 7 8
3 3 3 3 5 3 5 4 5 4 2 5 2 4 24 24 28 48 56 144 188 184 4 5 7 8 7 8
5 3 3 5 3 5 3 4 2 5 4 6 4 7 24 24 32 24 68 124 220 180 1 6 4 5 8 6
3 3 3 5 3 5 3 4 4 6 3 5 4 5 24 22 24 36 56 132 196 180 2 4 5 5 8 8
5 5 5 3 5 3 3 4 4 5 3 7 2 7 24 16 32 32 60 140 200 180 3 6 7 5 6 6
5 5 3 5 3 3 5 6 3 6 4 6 4 4 24 20 20 32 60 140 204 184 2 6 6 6 6 8
3 5 3 3 3 3 3 4 4 5 5 5 2 4 18 16 28 28 56 136 220 180 4 4 6 5 7 5
5 5 5 5 3 3 3 4 4 6 4 6 5 5 18 22 20 28 76 144 196 200 4 7 4 6 7 5
3 3 5 3 5 3 3 5 4 6 5 6 5 6 16 24 24 36 68 140 204 184 4 5 4 4 10 7
5 3 3 3 5 3 5 5 2 4 4 5 2 4 20 22 24 24 60 136 224 200 3 7 6 6 7 5
3 3 3 5 3 3 5 6 2 4 4 6 2 4 18 20 24 28 60 140 208 188 2 5 4 5 9 5
3 3 3 3 3 3 5 6 3 5 5 5 4 7 20 20 32 28 76 144 196 188 2 7 6 5 7 8
3 3 5 5 3 3 5 5 3 7 5 5 3 5 22 18 20 28 76 144 204 192 4 6 5 5 9 5
3 5 5 5 3 3 5 7 2 4 3 4 3 5 18 24 20 32 68 140 196 192 1 4 4 5 10 5
3 3 5 5 3 3 5 5 5 7 3 6 4 7 22 24 32 32 56 140 224 200 3 5 7 8 9 9
3 5 5 3 3 3 5 4 5 4 4 6 5 7 24 24 24 32 80 124 200 180 1 6 4 5 9 6
5 3 3 3 3 3 5 4 4 6 3 6 2 5 24 18 28 36 60 144 180 184 4 4 7 5 8 9
5 5 5 3 3 3 5 5 5 7 5 4 4 5 20 16 20 28 80 144 208 180 2 5 6 5 7 7
5 3 3 5 3 3 3 4 5 5 3 4 3 4 22 24 28 28 64 136 216 208 4 4 5 4 10 5
5 5 3 5 5 5 3 5 5 7 5 5 4 7 22 20 28 24 76 120 196 212 4 7 7 8 10 9
3 3 3 3 3 3 3 5 2 5 2 7 3 7 18 24 28 44 80 104 188 208 4 7 7 8 10 9
3 5 5 3 3 5 3 7 4 7 5 5 3 5 16 20 32 32 80 104 180 204 4 7 7 8 10 9
3 3 3 3 5 3 3 7 4 7 3 5 5 7 18 16 20 40 68 140 180 200 4 7 7 8 10 9
3 5 5 5 5 5 3 5 3 5 5 5 2 5 20 24 24 24 60 136 216 192 4 7 7 8 10 9
3 5 3 5 3 3 5 4 3 6 2 4 3 7 16 18 20 24 84 124 184 220 3 7 7 8 10 9
5 3 5 3 5 5 3 6 5 4 3 5 5 7 16 20 24 44 68 104 216 216 3 7 7 8 10 9
3 5 3 5 5 5 3 5 3 4 2 6 4 7 22 16 32 32 56 128 204 212 3 7 7 8 10 9
3 3 3 3 5 5 5 6 2 5 4 4 4 6 24 16 24 48 84 120 192 200 3 7 7 8 10 9
3 3 3 3 5 5 5 5 4 7 2 6 2 6 18 22 32 32 56 124 188 200 3 7 7 8 10 9
3 3 3 3 5 3 3 5 4 4 4 7 4 6 16 22 32 24 84 116 188 200 3 7 7 8 10 9
5 3 3 5 5 3 3 5 2 7 5 6 4 4 16 18 24 32 80 104 188 200 3 7 7 8 10 9
3 5 3 3 5 3 5 5 2 6 5 5 5 4 24 22 28 48 56 140 208 220 2 7 7 8 10 9
5 5 3 5 5 3 3 4 2 4 2 4 3 6 18 16 32 32 56 140 180 200 2 7 7 8 10 9
3 5 5 3 3 3 5 4 4 7 3 6 5 5 22 24 28 24 68 136 200 196 2 7 7 8 10 9
3 5 5 5 5 5 5 5 5 7 2 5 4 6 18 24 20 28 84 128 220 192 2 7 7 8 10 9
5 3 3 5 3 5 5 5 4 4 4 4 2 6 22 16 24 40 84 136 196 192 2 7 7 8 10 9
5 5 5 3 5 3 3 7 3 4 4 5 3 6 20 22 20 48 60 116 188 188 2 7 7 8 10 9
3 5 5 3 3 5 5 4 4 5 4 6 2 7 22 16 20 24 80 128 188 180 2 7 7 8 10 9
5 3 5 5 5 5 5 7 3 5 3 6 4 6 22 22 24 44 72 108 216 224 1 7 7 8 10 9
5 3 5 3 5 3 3 4 5 5 2 5 2 5 16 16 32 44 68 116 200 220 1 7 7 8 10 9
5 3 5 5 5 5 3 4 3 6 4 7 5 6 18 16 32 28 68 144 224 212 1 7 7 8 10 9
5 5 3 5 3 5 3 4 4 5 2 7 5 5 16 24 32 36 76 136 196 196 1 7 7 8 10 9
5 5 5 5 5 5 3 5 2 6 5 7 2 7 16 20 28 24 76 116 220 184 1 7 7 8 10 9
5 3 3 3 3 5 3 6 3 6 4 6 4 7 22 22 28 28 76 120 184 184 1 7 7 8 10 9
5 3 5 3 3 3 5 5 5 7 5 7 4 7 22 24 20 44 60 108 180 224 4 6 7 8 10 9
3 5 5 5 3 5 3 6 3 4 3 7 3 7 18 18 28 28 84 104 184 220 4 6 7 8 10 9
3 5 5 5 5 5 5 6 3 7 2 4 2 6 20 24 20 48 68 136 192 212 4 6 7 8 10 9
3 5 5 3 3 5 3 5 2 5 3 6 5 6 22 16 24 44 60 128 212 208 4 6 7 8 10 9
3 3 5 5 5 3 5 7 5 7 5 5 2 4 24 20 32 32 72 116 180 192 4 6 7 8 10 9
3 3 3 3 5 3 3 7 5 4 2 6 4 6 22 16 32 48 80 140 180 212 3 5 7 6 8 6
5 5 3 3 3 3 5 5 3 5 4 4 2 7 20 18 28 28 60 100 184 192 1 6 7 5 8 8
3 5 3 3 3 5 3 5 2 4 3 6 3 6 18 16 20 32 72 124 216 180 2 5 7 4 8 6
3 3 5 3 5 5 5 4 4 4 3 7 3 5 20 16 32 36 68 104 192 184 4 7 7 7 6 7
5 5 3 3 5 5 5 5 5 6 4 6 5 5 18 24 24 40 56 128 192 212 3 5 5 6 10 8
5 3 5 5 5 5 3 5 5 6 5 6 4 7 22 18 32 44 76 104 220 180 1 6 6 4 9 6
5 3 5 3 3 5 3 4 4 6 5 4 3 5 20 18 20 24 56 96 200 212 3 4 6 6 6 6
5 3 5 3 3 5 5 4 4 6 5 7 4 4 24 24 32 44 80 96 212 200 3 5 5 6 9 7
5 5 3 5 5 5 5 4 4 6 4 7 3 4 20 20 24 48 84 140 180 188 4 5 4 6 10 5
3 5 3 5 5 3 5 4 2 6 2 7 3 4 24 22 32 40 68 116 216 216 4 5 4 5 7 9
5 3 5 3 5 3 5 6 2 4 5 6 4 4 18 20 24 24 68 132 212 216 4 5 7 6 9 6
5 3 3 5 3 5 3 7 2 6 5 6 2 6 18 20 24 24 68 144 220 184 3 6 6 6 10 9
3 5 3 3 3 3 5 7 4 5 3 6 5 6 24 22 32 44 64 116 196 200 3 7 5 4 9 9
5 5 5 3 3 5 3 7 3 7 3 4 3 7 22 16 32 48 84 108 188 216 3 5 7 6 6 7
3 5 5 3 5 3 5 6 5 6 4 6 3 5 16 16 20 36 60 100 184 180 4 5 4 8 7 7
5 5 5 3 3 3 3 5 2 7 3 5 4 7 24 24 32 24 64 112 224 220 2 4 4 7 6 7
5 5 5 5 3 3 3 7 5 5 3 4 5 7 18 20 20 36 60 144 224 200 4 4 5 4 6 6
5 5 3 5 5 3 5 6 3 5 4 4 5 7 16 18 32 32 68 120 188 208 3 7 7 7 8 5
3 5 3 3 5 3 3 5 2 6 3 7 2 4 22 20 32 48 56 120 196 216 2 7 4 7 6 6
3 5 5 5 5 3 3 6 2 4 5 7 5 7 20 22 32 24 68 136 204 188 1 6 6 5 9 5
3 5 3 3 5 5 5 7 4 4 4 5 3 4 18 24 20 48 60 116 180 220 2 5 4 5 7 6
5 3 5 5 3 5 3 7 2 5 2 6 3 4 16 20 24 48 60 116 180 220 1 7 7 5 8 7
3 3 5 3 5 3 3 5 2 4 5 5 3 4 16 20 32 48 60 96 220 196 1 4 7 6 6 5
5 3 3 3 5 3 5 4 5 4 5 5 2 6 16 20 24 48 72 128 180 224 4 5 6 4 10 5
5 3 5 3 5 5 3 7 5 4 2 6 2 5 20 24 28 48 64 96 216 208 1 5 5 4 6 8
3 3 3 3 3 3 5 4 4 5 2 4 2 5 16 24 28 48 80 136 180 220 3 4 4 7 10 6
3 3 5 5 3 3 3 7 4 4 2 4 2 4 24 24 20 40 72 96 220 224 1 5 7 4 6 6
3 3 3 3 3 5 5 7 3 6 5 7 5 4 18 16 24 48 68 108 180 216 4 4 5 5 8 5
3 3 5 3 3 3 3 6 3 4 3 5 4 4 16 18 28 44 64 116 180 224 1 4 7 6 8 9
3 3 3 3 3 5 5 7 4 5 4 7 5 4 16 22 24 48 60 100 184 220 4 6 6 7 9 7
5 5 3 5 3 3 5 7 2 4 4 7 2 4 16 22 20 48 68 120 180 224 2 4 7 8 6 8
3 5 3 5 5 3 3 6 5 6 4 6 2 5 18 24 24 44 64 108 180 224 3 7 6 6 7 5
3 5 3 3 3 5 5 7 3 6 3 5 2 5 20 20 28 48 68 124 180 224 2 5 6 4 6 6
5 5 3 3 5 5 5 7 4 4 3 7 2 6 20 24 32 44 64 96 220 212 2 5 4 6 7 5
5 3 3 3 5 5 5 4 5 4 2 5 3 5 16 24 24 48 56 96 184 220 4 5 6 4 10 8
3 3 3 3 5 5 3 7 3 5 3 5 4 6 22 20 32 48 72 96 224 212 3 6 5 4 7 5
5 3 5 3 5 5 3 5 4 5 2 7 3 6 20 18 20 48 64 112 180 220 4 5 6 5 10 5
5 3 3 5 5 5 5 4 3 7 4 4 5 4 16 22 24 48 84 128 180 220 4 4 7 7 6 5
5 3 3 3 3 5 3 7 4 5 3 6 4 5 16 22 20 40 64 108 180 216 3 4 5 6 8 6
3 5 5 5 5 5 3 4 5 5 4 6 2 6 18 24 32 48 68 96 220 200 1 4 6 6 8 5
5 3 5 3 5 5 3 6 5 7 2 7 2 5 16 24 20 48 84 124 184 220 3 4 6 4 7 6
3 3 3 3 3 3 3 5 2 5 5 4 5 6 16 22 24 48 72 128 180 224 3 5 7 7 8 6
5 3 5 3 5 5 5 6 5 6 4 6 5 4 16 22 24 48 84 128 192 220 1 4 7 6 10 5
5 5 5 3 5 5 3 6 5 5 5 5 2 5 16 24 32 48 84 136 180 220 2 4 5 5 7 5
5 5 3 5 3 3 3 5 4 4 5 6 5 4 18 24 24 44 64 96 216 216 3 4 6 4 10 7
3 3 5 3 5 5 3 7 3 5 2 4 2 4 18 22 32 48 76 124 180 212 2 4 4 4 6 6
3 3 3 5 5 3 3 5 2 5 4 5 4 4 18 24 24 48 64 96 180 224 4 4 5 8 7 7
3 3 3 5 3 5 3 4 2 5 5 5 4 4 18 20 32 48 68 132 188 224 4 4 4 4 9 7
3 5 5 3 3 5 3 6 4 7 4 5 4 5 20 24 32 48 60 96 216 212 1 4 7 4 6 5
3 3 5 5 3 5 3 4 3 4 4 7 2 6 16 22 28 48 60 100 180 224 1 7 7 8 6 5
3 3 3 5 3 5 3 6 3 4 4 5 5 5 16 22 24 44 76 108 204 224 4 4 6 7 9 5
3 3 3 5 5 5 3 5 2 5 4 6 3 4 16 24 20 48 76 124 180 216 3 5 6 6 10 8
3 3 5 5 3 3 5 7 5 5 4 5 5 4 16 22 20 48 80 108 200 224 4 4 7 6 8 5
3 3 5 5 5 3 5 6 4 5 2 7 3 4 20 18 28 48 68 112 188 224 4 7 7 4 10 6
3 5 3 5 3 5 5 6 5 7 3 6 5 5 16 18 20 44 72 108 180 224 4 5 4 4 7 6
5 3 3 3 5 3 3 4 4 6 2 4 4 4 16 22 20 48 80 120 184 216 1 6 6 4 7 7
3 3 3 3 5 5 3 7 2 7 4 4 4 4 16 22 28 48 64 128 188 224 1 4 4 5 10 9
3 3 5 5 3 5 3 6 3 6 4 4 2 5 24 16 32 48 56 96 220 196 4 5 7 6 7 5
3 5 5 3 3 5 3 7 5 7 5 6 2 7 16 24 24 48 60 108 184 220 4 7 5 4 10 9
5 3 5 5 5 3 3 5 4 5 2 5 5 4 16 22 20 48 60 96 224 204 3 6 6 5 9 5
5 3 3 5 5 5 5 5 2 7 5 7 3 4 22 18 24 32 68 136 224 216 3 7 7 5 6 9
3 3 5 3 5 5 3 6 5 6 3 6 5 6 24 16 28 28 76 96 224 180 1 5 4 8 9 8
3 3 3 5 5 5 5 4 5 4 3 4 3 7 20 20 32 44 60 104 180 224 1 6 7 7 6 8
5 3 3 5 5 3 3 5 2 7 3 6 4 4 16 22 28 24 56 140 180 200 1 5 7 4 10 6
5 5 5 5 3 3 5 4 5 4 3 5 5 5 24 24 32 44 60 144 204 188 3 4 5 6 9 9
5 3 5 5 3 5 3 5 5 4 2 4 2 4 20 24 32 48 56 116 224 196 1 7 7 4 10 5
3 5 3 3 3 5 5 4 2 5 4 4 4 6 20 20 28 28 76 96 212 188 2 6 7 6 10 8
5 3 5 3 5 5 5 7 5 7 2 4 4 5 20 22 20 48 76 116 208 224 3 5 6 7 8 5
3 3 3 3 3 5 5 5 5 7 2 7 2 7 24 24 28 40 56 112 180 192 2 7 5 8 9 8
5 5 5 3 3 5 5 7 4 6 5 4 5 6 16 24 28 24 80 128 188 212 4 7 5 5 6 6
